559 2.6948075919854837 3.2801862622870774 3.342063252391711 0.0035546875
15163 4.4633377955510065 5.055240887861985 5.062177173907941 0.0025244140625
8123 3.469882964211352 4.279968177571016 4.661484541612513 0.0004150390625
10691 3.9182585107869117 4.385741186324664 4.442880038557382 0.001259765625
3917 4.0140792560719305 4.15053010377146 4.1507852375507355 0.0001025390625
15290 4.080421493714114 4.523345510643649 4.537527371601886 0.0032177734375
6838 3.28587535133418 4.074145832539307 4.229333307325225 0.0032958984375
11415 3.5753926844611716 4.295766242196627 4.307230518614392 0.0031201171875
13084 3.5295463868272985 4.268692908248281 4.271343929011647 0.00119140625
14230 3.491270237483285 4.09677065886199 4.093838878421403 0.004140625
8478 3.4925308205765675 4.340752518884668 4.386848245037201 0.0010595703125
7830 2.9920950238666837 3.884180685830495 4.369112813283527 0.0006103515625
13155 3.2859382026620696 3.827829950819166 3.837863973785469 0.0021337890625
11771 2.7756724983754784 3.5469865245048444 3.6469184051860464 0.0019287109375
13180 2.7575386967088025 3.3323081272705473 3.347861987487398 0.0015087890625
15758 3.0064651535778513 3.734145476178425 3.765753801857553 0.0019873046875
13220 4.115862469446092 4.751667817433675 4.745144117446173 0.002041015625
9090 3.090652832344397 3.7982766557095657 3.80074151950096 0.00130859375
16100 4.864780901526871 5.221524732787402 5.351586889486019 0.0017431640625
8078 5.699575243677412 6.082236473900931 6.150984028407506 0.00033203125
1941 3.83980191166902 4.3786361817674875 4.459256037828829 0.0020947265625
1994 3.5282469430075505 4.016286122200786 4.033113334949542 0.004150390625
9137 3.7156839559948636 4.209043555789524 4.212482891385517 0.001220703125
8085 3.2933713422213686 3.718240702500078 3.7271011969771246 0.001806640625
748 2.9332752778291296 3.534423970609448 3.5485347559982325 0.002822265625
8750 4.638655159094815 5.132107403145327 5.145017140924675 0.002275390625
5709 1.7204310817551682 2.661562813961819 2.672593594987608 0.00166015625
13365 3.255425686157441 3.683516758816523 3.6827363951134977 0.002763671875
7683 3.1106203085765607 3.515099978301583 3.6055744243104284 0.0003955078125
6249 4.885015104182814 5.199285714083879 5.234262380650435 0.00091796875
3463 3.208039844502284 4.041742356795838 4.058483659222139 0.0017333984375
981 3.1915225603363733 3.907010701840574 3.935144812139598 0.000537109375
16061 7.599716860867504 11.604053250380925 11.611372400607381 6.8359375e-05
8114 2.416905420592853 3.3503230128969466 3.5374488745416914 0.0001708984375
4075 5.079042914302812 5.883957444296943 5.892872179879083 0.0002197265625
11749 2.7532141335467073 3.1618303618532546 3.1846091899466007 0.0004541015625
10435 2.4428695479566738 3.3402232125748035 3.3553044352420542 0.000625
14883 3.459319235737791 4.301130767950077 4.390043987441309 0.0004736328125
10623 3.4970059128582176 4.079662482750598 4.079221260729175 0.0019140625
3244 3.0495040669982685 3.547295413174472 3.5533558259807956 0.003974609375
12542 2.909753633689633 3.4437237602263573 3.442991541208151 0.0037353515625
2012 3.239988466570957 3.732925545595108 3.7413418892463413 0.0005322265625
7372 2.7468948183466475 3.4690340683923515 3.4793837172160216 0.0020458984375
14931 2.446334281729327 3.3386736512184143 3.3486225605010986 0.0013818359375
16002 3.444354168269701 3.8474438629375114 3.8520596466289176 0.0032958984375
12483 3.5798997418563254 4.239351853792248 4.242332106496131 0.0022607421875
7786 3.1346869505653085 3.991789936095245 4.015849268713663 0.0025048828125
15163 4.55715459631395 5.02924369841583 5.030989388162776 0.00251953125
11067 3.4377932306063377 3.869267617241811 3.8713700811741716 0.0022998046875
5460 5.607589119727458 6.052373287655891 6.072570128834576 0.0026611328125